TOP_lidar到短焦的变换矩阵
[0.0334876, -0.0187990,  0.9992623; 0.1880;
-0.9994391, -0.0003666,  0.0334866, 0.1213;
-0.0002632, -0.9998232, -0.0188007, 0.0451;
0, 0, 0, 1]

TOP_lidar到长焦的变换矩阵
[ -0.0009392, -0.0683415,  0.9976615, -0.2668;
  -0.9999990,  0.0011006, -0.0008660, 0.0459;
  -0.0010389, -0.9976614, -0.0683424, 0.0403;
  0, 0, 0, 1]
 
 计算camera_6mm到top_lidar:
 R1 ^ -1

    0.0335   -0.9994   -0.0003    0.1149
   -0.0188   -0.0004   -0.9998    0.0487
    0.9993    0.0335   -0.0188   -0.1911
         0         0         0    1.0000
 
 计算camera_12mm到camera_6mm: 
 R2 ^ -1 * R1

0.9994    0.0014   -0.0344   -0.0758
-0.0031    0.9988   -0.0495   -0.0358
0.0343    0.0496    0.9982    0.4533
0         0         0    1.0000

 P_short = R1 * P_top
 P_long = R2 * P_top
 P_short = R2 ^ -1 * R1  * P_long 
  
  
  
 
 计算rear_radar到camera_6mm:
 R1 * R2 * R3

    0.0343   -0.0188    0.9992   -1.2323
   -0.9994   -0.0004    0.0343   -0.0791
   -0.0003   -0.9998   -0.0188   -1.3549
         0         0         0    1.0000
 



P(right_lidar) = R1 * P(rear_radar) 
P(Top_lidar) = R2 * P(right_lidar)
P(camera_6mm) = R3 * P(Top_lidar)

R1 = [0.0007963,  0.9999997,  0.0000000, -0.72
  -0.9999997,  0.0007963,  0.0000000, -0.5;
   0.0000000,  0.0000000,  1.0000000, -0.4;
0,0,0,1]
   
R2 = [0 -1 0 -0.3;
1 0 0 -0.7;
0 0 1 -1;
0 0 0 1]

R3 = [0.0334876, -0.0187990,  0.9992623, 0.1880;
-0.9994391, -0.0003666,  0.0334866, 0.1213;
-0.0002632, -0.9998232, -0.0188007, 0.0451;
0, 0, 0, 1]



计算front_radar到top_lidar:
R1 * R2

    1.0000         0         0    1.7500
         0   -1.0000         0         0
         0         0   -1.0000   -1.4000
         0         0         0    1.0000



P(top_lidar) = R1 * P(front_lidar) 
P(front_lidar) = R2 * P(front_radar)
R1 = [1 0 0 1.8;
0 1 0 0;
0 0 1 -1.2;
0 0 0 1]

R2 = [1 0 0 -0.05;
0 -1 0 0;
0 0 -1 -0.2;
0 0 0 1]
