header:
  seq: 0
  stamp:
    secs: 0
    nsecs: 0
  frame_id: ''
height: 1080
width: 1920
distortion_model: plumb_bob
D: [-0.57622300000e+00, 0.212968000000e+00, 0.014039000000e+00, 0.017248000000e+00, 0.000000000000e+00]
K: [2.082325680000e+03, 0.000000000000e+00, 8.481911900000e+02, 0.000000000000e+00, 2.077080330000e+03, 4.298246900000e+02, 0.000000000000e+00, 0.000000000000e+00, 1.000000000000e+00]
R: [1.000000000000e+00, 0.000000000000e+00, 0.000000000000e+00, 0.000000000000e+00, 1.000000000000e+00, 0.000000000000e+00, 0.000000000000e+00, 0.000000000000e+00, 1.000000000000e+00]
P: [1.773051880000e+03, 0.000000000000e+00, 8.438139300000e+02, 0.000000000000e+00, 0.000000000000e+00, 1.989644410000e+03, 4.266867800000e+02, 0.000000000000e+00, 0.000000000000e+00, 0.000000000000e+00, 1.000000000000e+00, 0.000000000000e+00]
binning_x: 0
binning_y: 0
roi:
  x_offset: 0
  y_offset: 0
  height: 0
  width: 0
  do_rectify: False
