header:
  seq: 0
  stamp:
    secs: 0
    nsecs: 0
  frame_id: ''
height: 1080
width: 1920
distortion_model: plumb_bob
D: [-0.18557600000e+00, -7.52439400000e+00, -0.00808800000e+00, 0.004429000000e+00, 0.000000000000e+00]
K: [4.614070180000e+03, 0.000000000000e+00, 9.445438000000e+02, 0.000000000000e+00, 4.619935130000e+03, 5.335832500000e+02, 0.000000000000e+00, 0.000000000000e+00, 1.000000000000e+00]
R: [1.000000000000e+00, 0.000000000000e+00, 0.000000000000e+00, 0.000000000000e+00, 1.000000000000e+00, 0.000000000000e+00, 0.000000000000e+00, 0.000000000000e+00, 1.000000000000e+00]
P: [4.501187990000e+03, 0.000000000000e+00, 9.457202300000e+02, 0.000000000000e+00, 0.000000000000e+00, 4.596972170000e+03, 5.314591900000e+02, 0.000000000000e+00, 0.000000000000e+00, 0.000000000000e+00, 1.000000000000e+00, 0.000000000000e+00]
binning_x: 0
binning_y: 0
roi:
  x_offset: 0
  y_offset: 0
  height: 0
  width: 0
  do_rectify: False
